,created,domain,full_link,locked,selftext,subreddit,title,url
0,2015-10-17 14:41:34+00:00,i.imgur.com,https://www.reddit.com/r/funny/comments/3p46b5/college_is_expensive/,False,,funny,College is expensive,http://i.imgur.com/oVSNKeH.gifv
1,2015-10-09 11:01:22+00:00,i.imgur.com,https://www.reddit.com/r/Conservative/comments/3o354b/when_the_country_tries_to_impress_the_world_but/,False,,Conservative,When the country tries to impress the world but forgets about its own citizens.,http://i.imgur.com/voYXBbd.jpg
2,2015-10-05 17:27:49+00:00,i.imgur.com,https://www.reddit.com/r/funny/comments/3nlj4m/american_racism_in_a_nutshell/,False,,funny,American racism in a nutshell,http://i.imgur.com/WPrb5G2.jpg
3,2015-09-16 14:51:08+00:00,i.imgur.com,https://www.reddit.com/r/funny/comments/3l6enq/no_more_words_need_to_be_said/,False,,funny,No more words need to be said,http://i.imgur.com/cRvQL00.gifv
4,2015-09-16 09:42:55+00:00,i.imgur.com,https://www.reddit.com/r/funny/comments/3l5i31/hillary_supporters_be_like/,False,,funny,Hillary supporters be like,http://i.imgur.com/qfcSGX4.jpg
5,2015-08-28 14:36:56+00:00,imgur.com,https://www.reddit.com/r/funny/comments/3iqbr7/i_cant_understand_how_people_keep_ignoring_this/,,,funny,I can't understand how people keep ignoring this problem... People wake up...,http://imgur.com/gallery/PrK0zOO
6,2015-08-15 17:53:51+00:00,i.imgur.com,https://www.reddit.com/r/funny/comments/3h470b/there_must_be_something_in_the_water_or_air_of/,,,funny,There must be something in the water or air of Florida.,http://i.imgur.com/Za2mgKL.jpg
