,created,domain,full_link,locked,selftext,subreddit,title,url
0,2016-04-30 19:13:18+00:00,self.hearthstone,https://www.reddit.com/r/hearthstone/comments/4h5reg/and_thats_why_you_dont_leave_chrom_alive/,False,"They learned it the hard way:

http://imgur.com/a/BWcUe",hearthstone,And thats why you dont leave Chrom alive,https://www.reddit.com/r/hearthstone/comments/4h5reg/and_thats_why_you_dont_leave_chrom_alive/
1,2015-10-05 13:47:04+00:00,self.leagueoflegends,https://www.reddit.com/r/leagueoflegends/comments/3nkp02/hai_and_origen_firing_shots/,False,[removed],leagueoflegends,Hai and Origen firing shots,https://www.reddit.com/r/leagueoflegends/comments/3nkp02/hai_and_origen_firing_shots/
2,2015-09-28 09:47:46+00:00,twitter.com,https://www.reddit.com/r/leagueoflegends/comments/3mojtz/euw_in_a_nutshell/,False,,leagueoflegends,EUW in a nutshell,https://twitter.com/Amazing_EU/status/648421075890651136
